A:
   0.8576     0.692    0.8161   0.04627    0.2429 
    0.692    0.1396    0.5191    0.4739    0.2484 
   0.8161    0.5191    0.4287    0.3251    0.6728 
  0.04627    0.4739    0.3251  0.009519    0.5753 
   0.2429    0.2484    0.6728    0.5753    0.8897 
D:
  -0.6066   3.9e-11         0 4.731e-16 3.515e-13 
  3.9e-11   -0.3431 9.265e-13 3.932e-19 -2.942e-14 
        0 9.265e-13   0.02402 9.504e-25 5.187e-15 
4.731e-16 3.932e-19 9.504e-25    0.8308  5.73e-18 
3.515e-13 -2.942e-14 5.187e-15  5.73e-18      2.42 
V:
   0.3245   -0.4275    0.2421   -0.6136    0.5262 
  -0.6476   -0.1094   -0.6218     -0.18    0.3867 
 -0.01293    0.8255    0.2079   -0.0523     0.522 
   0.6615   0.01575   -0.6182    0.3269    0.2705 
  -0.1937   -0.3516    0.3597    0.6939    0.4775 
V^T * A * V:
  -0.6066   3.9e-11 5.551e-17 4.163e-16 3.512e-13 
  3.9e-11   -0.3431 9.267e-13         0 -2.929e-14 
7.589e-17 9.267e-13   0.02402 -1.735e-18 4.904e-15 
4.857e-16 5.551e-17 2.776e-17    0.8308  1.11e-16 
3.512e-13 -2.925e-14 5.052e-15  1.11e-16      2.42 
V^T * A * V is approximately equal to D.
V * D * V^T:
   0.8576     0.692    0.8161   0.04627    0.2429 
    0.692    0.1396    0.5191    0.4739    0.2484 
   0.8161    0.5191    0.4287    0.3251    0.6728 
  0.04627    0.4739    0.3251  0.009519    0.5753 
   0.2429    0.2484    0.6728    0.5753    0.8897 
V * D * V^T is approximately equal to A.
V^T * V:
        1 2.776e-17  1.11e-16 8.327e-17 -4.163e-17 
2.776e-17         1         0 -5.551e-17 -2.498e-16 
 1.11e-16         0         1         0 -1.11e-16 
8.327e-17 -5.551e-17         0         1         0 
-4.163e-17 -2.498e-16 -1.11e-16         0         1 
V^T * V is approximately equal to I.
V * V^T:
        1 5.551e-17 -5.551e-17 2.776e-17 3.886e-16 
5.551e-17         1 -8.327e-17 1.527e-16 2.776e-17 
-5.551e-17 -8.327e-17         1 -5.551e-17 -1.388e-16 
2.776e-17 1.527e-16 -5.551e-17         1 -1.11e-16 
3.886e-16 2.776e-17 -1.388e-16 -1.11e-16         1 
V * V^T is approximately equal to I.
