A:
   0.8459    0.5282    0.4801    0.4623    0.3776 
   0.5282    0.3015    0.8866    0.2105    0.5521 
   0.4801    0.8866   0.07268    0.2382    0.8561 
   0.4623    0.2105    0.2382    0.6862    0.8627 
   0.3776    0.5521    0.8561    0.8627    0.2116 
D:
  -0.9209 -9.083e-11         0 1.277e-16 1.268e-12 
-9.083e-11   -0.5141 -3.666e-12 4.537e-20 -8.082e-14 
        0 -3.666e-12    0.3756 -8.007e-25 -5.87e-16 
1.277e-16 4.537e-20 -8.007e-25    0.5649 4.314e-18 
1.268e-12 -8.082e-14 -5.87e-16 4.314e-18     2.612 
V:
 -0.05497   -0.1373   -0.8275   -0.2842    0.4612 
  -0.2742     0.687    0.2904   -0.4313    0.4271 
   0.7141   -0.3122    0.3462   -0.2842    0.4382 
   0.2607    0.3707   -0.1072    0.7752    0.4267 
  -0.5864   -0.5237    0.3156    0.2269    0.4804 
V^T * A * V:
  -0.9209 -9.083e-11 -1.388e-16 2.359e-16 1.267e-12 
-9.083e-11   -0.5141 -3.666e-12 2.151e-16 -8.041e-14 
-5.551e-17 -3.666e-12    0.3756 4.857e-17 -1.082e-15 
2.359e-16 1.527e-16 2.776e-17    0.5649 6.939e-17 
1.268e-12 -8.06e-14 -1.277e-15 1.665e-16     2.612 
V^T * A * V is approximately equal to D.
V * D * V^T:
   0.8459    0.5282    0.4801    0.4623    0.3776 
   0.5282    0.3015    0.8866    0.2105    0.5521 
   0.4801    0.8866   0.07268    0.2382    0.8561 
   0.4623    0.2105    0.2382    0.6862    0.8627 
   0.3776    0.5521    0.8561    0.8627    0.2116 
V * D * V^T is approximately equal to A.
V^T * V:
        1 -1.11e-16 5.551e-17 -2.22e-16         0 
-1.11e-16         1 -1.11e-16 -6.939e-17  1.11e-16 
5.551e-17 -1.11e-16         1  2.22e-16 -1.665e-16 
-2.22e-16 -6.939e-17  2.22e-16         1 9.714e-17 
        0  1.11e-16 -1.665e-16 9.714e-17         1 
V^T * V is approximately equal to I.
V * V^T:
        1 1.665e-16 -8.327e-17 -5.551e-17 -1.388e-16 
1.665e-16         1 -1.665e-16         0 -5.551e-17 
-8.327e-17 -1.665e-16         1 -2.776e-17 -2.498e-16 
-5.551e-17         0 -2.776e-17         1 1.943e-16 
-1.388e-16 -5.551e-17 -2.498e-16 1.943e-16         1 
V * V^T is approximately equal to I.
